
ob bf ob.activation 85.0
Random rndseed=1245
setActivation slipnode id bf activation 100.0
ob bf activation 100.0
-
ob bf ob.activation 85.0
Random rndseed=1245
setActivation slipnode id bf activation 100.0
ob bf activation 100.0


ob bf activation 100.0
-
ob bf activation 100.0



setBuffer slipnode id bf buffer 0.0
-
setBuffer slipnode id bf buffer 0.0



ob bf ob.buffer 0.0 ob.activation 100.0 ob.conceptual_depth 50.0
setBuffer slipnode id bf buffer -50.0
-
setBuffer slipnode id bf buffer -50.0



-
setBuffer slipnode id bf buffer -10.0


-
ob bf ob.buffer 0.0 ob.activation 100.0 ob.conceptual_depth 50.0


-
setActivation slipnode id bf activation 90.0



sl.to bf buffer -50.0 inc 40.0
setBuffer slipnode id bf buffer -10.0
-
sl.to bf buffer -50.0 inc 40.0

clamp false ob bf ob.buffer -10.0 activation 100.0
setActivation slipnode id bf activation 90.0
-
clamp false ob bf ob.buffer -10.0 activation 100.0



OKOKOK until here

ob bf ob.activation 90.0
Random rndseed=1390
setActivation slipnode id bf activation 100.0
ob bf activation 100.0
-
ob bf ob.activation 90.0
Random rndseed=1390
setActivation slipnode id bf activation 100.0


setBuffer slipnode id bf buffer 0.0
-
setBuffer slipnode id bf buffer 0.0




-
setBuffer slipnode id bf buffer -50.0



-
setBuffer slipnode id bf buffer -10.0


-
ob bf ob.buffer 0.0 ob.activation 100.0 ob.conceptual_depth 50.0



-
setActivation slipnode id bf activation 90.0


-
ob bf ob.buffer 0.0 ob.activation 100.0 ob.conceptual_depth 50.0
setBuffer slipnode id bf buffer -50.0



sl.to bf buffer -50.0 inc 40.0
setBuffer slipnode id bf buffer -10.0
-
sl.to bf buffer -50.0 inc 40.0

clamp false ob bf ob.buffer -10.0 activation 100.0
setActivation slipnode id bf activation 90.0
-
clamp false ob bf ob.buffer -10.0 activation 100.0



ob bf ob.activation 90.0
Random rndseed=1519
setActivation slipnode id bf activation 100.0
ob bf activation 100.0
-
ob bf ob.activation 90.0
Random rndseed=1519
setActivation slipnode id bf activation 100.0
ob bf activation 100.0


setBuffer slipnode id bf buffer 0.0
-
setBuffer slipnode id bf buffer 0.0

-------------------
Random rndseed=1440

5, 3, 3, 3, 5, 4, 4, 3, 5, 3, 3, 3, 6, 4, 4, 4, 4, 3, 1, 4, 4, 4, 4, 4, 3, 3, 3, 3, 3, 5, 4, 4, 4, 4, 4, 4, 3, 3, 3, 3, 3, 3, 1, 7, 5, 6, 4, 4, 4, 4, 4, 4, 4, 4, 3, 3, 3, 3, 3, 3, 6, 6, 7, 7, 4, 4, 4, 4, 4, 4, 4, 4, 4, 4, 4, 4, 4, 4, 3, 3, 3, 3, 3, 3, 1, 7, 7, 6, 6, 7, 7, 7, 7, 4
5, 3, 3, 3, 5, 4, 4, 3, 5, 3, 3, 3, 6, 4, 4, 4, 4, 3, 1, 4, 4, 4, 4, 4, 3, 3, 3, 3, 3, 5, 4, 4, 4, 4, 4, 4, 3, 3, 3, 3, 3, 3, 1, 7, 5, 6, 4, 4, 4, 4, 4, 4, 4, 4, 3, 3, 3, 3, 3, 3, 6, 6, 7, 7, 4, 4, 4, 4, 4, 4, 4, 4, 4, 4, 4, 4, 4, 4, 3, 3, 3, 3, 3, 3, 1, 7, 7, 6, 6, 7, 7, 7, 7, 4


Random rndseed=1443
5, 3, 3, 3, 5, 4, 4, 3, 5, 3, 3, 3, 6, 4, 4, 4, 4, 3, 1, 4, 4, 4, 4, 4, 3, 3, 3, 3, 3, 5, 4, 4, 4, 4, 4, 4, 3, 3, 3, 3, 3, 3, 1, 7, 5, 6, 4, 4, 4, 4, 4, 4, 4, 4, 3, 3, 3, 3, 3, 3, 6, 6, 7, 7, 4, 4, 4, 4, 4, 4, 4, 4, 4, 4, 4, 4, 4, 4, 3, 3, 3, 3, 3, 3, 1, 7, 7, 6, 6, 7, 7, 7, 7, 4, 4
5, 3, 3, 3, 5, 4, 4, 3, 5, 3, 3, 3, 6, 4, 4, 4, 4, 3, 1, 4, 4, 4, 4, 4, 3, 3, 3, 3, 3, 5, 4, 4, 4, 4, 4, 4, 3, 3, 3, 3, 3, 3, 1, 7, 5, 6, 4, 4, 4, 4, 4, 4, 4, 4, 3, 3, 3, 3, 3, 3, 6, 6, 7, 7, 4, 4, 4, 4, 4, 4, 4, 4, 4, 4, 4, 4, 4, 4, 3, 3, 3, 3, 3, 3, 1, 7, 7, 6, 6, 7, 7, 7, 7, 4, 4

Random rndseed=1444
5, 3, 3, 3, 5, 4, 4, 3, 5, 3, 3, 3, 6, 4, 4, 4, 4, 3, 1, 4, 4, 4, 4, 4, 3, 3, 3, 3, 3, 5, 4, 4, 4, 4, 4, 4, 3, 3, 3, 3, 3, 3, 1, 7, 5, 6, 4, 4, 4, 4, 4, 4, 4, 4, 3, 3, 3, 3, 3, 3, 6, 6, 7, 7, 4, 4, 4, 4, 4, 4, 4, 4, 4, 4, 4, 4, 4, 4, 3, 3, 3, 3, 3, 3, 1, 7, 7, 6, 6, 7, 7, 7, 7, 4, 4, 4
5, 3, 3, 3, 5, 4, 4, 3, 5, 3, 3, 3, 6, 4, 4, 4, 4, 3, 1, 4, 4, 4, 4, 4, 3, 3, 3, 3, 3, 5, 4, 4, 4, 4, 4, 4, 3, 3, 3, 3, 3, 3, 1, 7, 5, 6, 4, 4, 4, 4, 4, 4, 4, 4, 3, 3, 3, 3, 3, 3, 6, 6, 7, 7, 4, 4, 4, 4, 4, 4, 4, 4, 4, 4, 4, 4, 4, 4, 3, 3, 3, 3, 3, 3, 1, 7, 7, 6, 6, 7, 7, 7, 7, 4, 4, 4


Random rndseed=1446 / 94
5, 3, 3, 3, 5, 4, 4, 3, 5, 3, 3, 3, 6, 4, 4, 4, 4, 3, 1, 4, 4, 4, 4, 4, 3, 3, 3, 3, 3, 5, 4, 4, 4, 4, 4, 4, 3, 3, 3, 3, 3, 3, 1, 7, 5, 6, 4, 4, 4, 4, 4, 4, 4, 4, 3, 3, 3, 3, 3, 3, 6, 6, 7, 7, 4, 4, 4, 4, 4, 4, 4, 4, 4, 4, 4, 4, 4, 4, 3, 3, 3, 3, 3, 3, 1, 7, 7, 6, 6, 7, 7, 7, 7, 4, 4, 4, 4
5, 3, 3, 3, 5, 4, 4, 3, 5, 3, 3, 3, 6, 4, 4, 4, 4, 3, 1, 4, 4, 4, 4, 4, 3, 3, 3, 3, 3, 5, 4, 4, 4, 4, 4, 4, 3, 3, 3, 3, 3, 3, 1, 7, 5, 6, 4, 4, 4, 4, 4, 4, 4, 4, 3, 3, 3, 3, 3, 3, 6, 6, 7, 7, 4, 4, 4, 4, 4, 4, 4, 4, 4, 4, 4, 4, 4, 4, 3, 3, 3, 3, 3, 3, 1, 7, 7, 6, 6, 7, 7, 7, 7, 4, 4, 4, 4


Random rndseed=1449 / 95
5, 3, 3, 3, 5, 4, 4, 3, 5, 3, 3, 3, 6, 4, 4, 4, 4, 3, 1, 4, 4, 4, 4, 4, 3, 3, 3, 3, 3, 5, 4, 4, 4, 4, 4, 4, 3, 3, 3, 3, 3, 3, 1, 7, 5, 6, 4, 4, 4, 4, 4, 4, 4, 4, 3, 3, 3, 3, 3, 3, 6, 6, 7, 7, 4, 4, 4, 4, 4, 4, 4, 4, 4, 4, 4, 4, 4, 4, 3, 3, 3, 3, 3, 3, 1, 7, 7, 6, 6, 7, 7, 7, 7, 4, 4, 4, 4, 4
5, 3, 3, 3, 5, 4, 4, 3, 5, 3, 3, 3, 6, 4, 4, 4, 4, 3, 1, 4, 4, 4, 4, 4, 3, 3, 3, 3, 3, 5, 4, 4, 4, 4, 4, 4, 3, 3, 3, 3, 3, 3, 1, 7, 5, 6, 4, 4, 4, 4, 4, 4, 4, 4, 3, 3, 3, 3, 3, 3, 6, 6, 7, 7, 4, 4, 4, 4, 4, 4, 4, 4, 4, 4, 4, 4, 4, 4, 3, 3, 3, 3, 3, 3, 1, 7, 7, 6, 6, 7, 7, 7, 7, 4, 4, 4, 4, 4

Random rndseed=1450
5, 3, 3, 3, 5, 4, 4, 3, 5, 3, 3, 3, 6, 4, 4, 4, 4, 3, 1, 4, 4, 4, 4, 4, 3, 3, 3, 3, 3, 5, 4, 4, 4, 4, 4, 4, 3, 3, 3, 3, 3, 3, 1, 7, 5, 6, 4, 4, 4, 4, 4, 4, 4, 4, 3, 3, 3, 3, 3, 3, 6, 6, 7, 7, 4, 4, 4, 4, 4, 4, 4, 4, 4, 4, 4, 4, 4, 4, 3, 3, 3, 3, 3, 3, 1, 7, 7, 6, 6, 7, 7, 7, 7, 4, 4, 4, 4, 4, 4
5, 3, 3, 3, 5, 4, 4, 3, 5, 3, 3, 3, 6, 4, 4, 4, 4, 3, 1, 4, 4, 4, 4, 4, 3, 3, 3, 3, 3, 5, 4, 4, 4, 4, 4, 4, 3, 3, 3, 3, 3, 3, 1, 7, 5, 6, 4, 4, 4, 4, 4, 4, 4, 4, 3, 3, 3, 3, 3, 3, 6, 6, 7, 7, 4, 4, 4, 4, 4, 4, 4, 4, 4, 4, 4, 4, 4, 4, 3, 3, 3, 3, 3, 3, 1, 7, 7, 6, 6, 7, 7, 7, 7, 4, 4, 4, 4, 4, 4

Random rndseed=1455
5, 3, 3, 3, 5, 4, 4, 3, 5, 3, 3, 3, 6, 4, 4, 4, 4, 3, 1, 4, 4, 4, 4, 4, 3, 3, 3, 3, 3, 5, 4, 4, 4, 4, 4, 4, 3, 3, 3, 3, 3, 3, 1, 7, 5, 6, 4, 4, 4, 4, 4, 4, 4, 4, 3, 3, 3, 3, 3, 3, 6, 6, 7, 7, 4, 4, 4, 4, 4, 4, 4, 4, 4, 4, 4, 4, 4, 4, 3, 3, 3, 3, 3, 3, 1, 7, 7, 6, 6, 7, 7, 7, 7, 4, 4, 4, 4, 4, 4, 4
5, 3, 3, 3, 5, 4, 4, 3, 5, 3, 3, 3, 6, 4, 4, 4, 4, 3, 1, 4, 4, 4, 4, 4, 3, 3, 3, 3, 3, 5, 4, 4, 4, 4, 4, 4, 3, 3, 3, 3, 3, 3, 1, 7, 5, 6, 4, 4, 4, 4, 4, 4, 4, 4, 3, 3, 3, 3, 3, 3, 6, 6, 7, 7, 4, 4, 4, 4, 4, 4, 4, 4, 4, 4, 4, 4, 4, 4, 3, 3, 3, 3, 3, 3, 1, 7, 7, 6, 6, 7, 7, 7, 7, 4, 4, 4, 4, 4, 4, 4
5, 3, 3, 3, 5, 4, 4, 3, 5, 3, 3, 3, 6, 4, 4, 4, 4, 3, 1, 4, 4, 4, 4, 4, 3, 3, 3, 3, 3, 5, 4, 4, 4, 4, 4, 4, 3, 3, 3, 3, 3, 3, 1, 7, 5, 3, 6, 4, 4, 4, 4, 4, 4, 4, 4, 3, 3, 3, 3, 3, 3, 6, 6, 7, 7, 4, 4, 4, 4, 4, 4, 4, 4, 4, 4, 4, 4, 4, 4, 3, 3, 3, 3, 3, 3, 1, 7, 7, 6, 6, 7, 7, 7, 7

choose_old_codelet chosen 5381.9535 codelets_run 210 rndValue 0.357 urgsum 15075.5
choose_old_codelet chosen 5392.485 codelets_run 210 rndValue 0.357 urgsum 15105.0



Random rndseed=1475
5, 3, 3, 3, 4, 4, 3, 5, 3, 3, 6, 4, 4, 4, 3, 1, 4, 4, 4, 4, 4, 3, 3, 3, 3, 3, 5, 4, 4, 4, 4, 4, 3, 3, 3, 3, 3, 1, 7, 5, 6, 4, 4, 4, 4, 4, 4, 4, 4, 3, 3, 3, 3, 3, 6, 6, 7, 7, 4, 4, 4, 4, 4, 4, 4, 4, 4, 4, 4, 4, 4, 4, 3, 3, 3, 3, 3, 3, 1, 7, 7, 6, 6, 7, 7, 7, 7, 4, 4, 4, 4, 4, 4, 4, 4, 3, 3, 3, 3, 3
5, 3, 3, 3, 4, 4, 3, 5, 3, 3, 6, 4, 4, 4, 3, 1, 4, 4, 4, 4, 4, 3, 3, 3, 3, 3, 5, 4, 4, 4, 4, 4, 3, 3, 3, 3, 3, 1, 7, 5, 6, 4, 4, 4, 4, 4, 4, 4, 4, 3, 3, 3, 3, 3, 6, 6, 7, 7, 4, 4, 4, 4, 4, 4, 4, 4, 4, 4, 4, 4, 4, 4, 3, 3, 3, 3, 3, 3, 1, 7, 7, 6, 6, 7, 7, 7, 7, 4, 4, 4, 4, 4, 4, 4, 4, 3, 3, 3, 3, 3


Random rndseed=1480
choose_old_codelet chosen 13590.918

5, 3, 3, 3, 4, 4, 3, 5, 3, 3, 6, 4, 4, 4, 3, 1, 4, 4, 4, 4, 4, 3, 3, 3, 3, 3, 5, 4, 4, 4, 4, 4, 3, 3, 3, 3, 3, 1, 7, 5, 6, 4, 4, 4, 4, 4, 4, 4, 4, 3, 3, 3, 3, 3, 6, 6, 7, 7, 4, 4, 4, 4, 4, 4, 4, 4, 4, 4, 4, 4, 4, 4, 3, 3, 3, 3, 3, 3, 1, 7, 6, 6, 7, 7, 7, 7, 4, 4, 4, 4, 4, 4, 4, 4, 3, 3, 3, 3, 3, 3
5, 3, 3, 3, 4, 4, 3, 5, 3, 3, 6, 4, 4, 4, 3, 1, 4, 4, 4, 4, 4, 3, 3, 3, 3, 3, 5, 4, 4, 4, 4, 4, 3, 3, 3, 3, 3, 1, 7, 5, 6, 4, 4, 4, 4, 4, 4, 4, 4, 3, 3, 3, 3, 3, 6, 6, 7, 7, 4, 4, 4, 4, 4, 4, 4, 4, 4, 4, 4, 4, 4, 4, 3, 3, 3, 3, 3, 3, 1, 7, 7, 6, 7, 7, 7, 7, 4, 4, 4, 4, 4, 4, 4, 4, 3, 3, 3, 3, 3, 3


// Couille

5, 3, 3, 3, 4, 4, 3, 5, 3, 3, 3, 6, 4, 4, 4, 3, 1, 4, 4, 4, 4, 4, 3, 3, 3, 3, 3, 5, 4, 4, 4, 4, 4, 3, 3, 3, 3, 3, 3, 1, 7, 5, 6, 4, 4, 4, 4, 4, 4, 4, 4, 3, 3, 3, 3, 3, 3, 6, 6, 7, 7, 4, 4, 4, 4, 4, 4, 4, 4, 4, 4, 4, 4, 4, 4, 3, 3, 3, 3, 3, 3, 1, 7, 7, 6, 6, 7, 7, 7, 7, 4, 4, 4, 4, 4, 4, 4, 4, 3, 3
5, 3, 3, 3, 4, 4, 3, 5, 3, 3, 3, 6, 4, 4, 4, 3, 1, 4, 4, 4, 4, 4, 3, 3, 3, 3, 3, 5, 4, 4, 4, 4, 4, 3, 3, 3, 3, 3, 3, 1, 7, 5, 6, 4, 4, 4, 4, 4, 4, 4, 4, 3, 3, 3, 3, 3, 3, 6, 6, 7, 7, 4, 4, 4, 4, 4, 4, 4, 4, 4, 4, 4, 4, 4, 4, 3, 3, 3, 3, 3, 3, 1, 7, 7, 6, 6, 7, 7, 7, 7, 4, 4, 4, 4, 4, 4, 4, 4, 3, 3

Random rndseed=1464



Random rndseed=1480

5, 3, 3, 3, 4, 4, 3, 5, 3, 3, 6, 4, 4, 4, 3, 1, 4, 4, 4, 4, 4, 3, 3, 3, 3, 3, 5, 4, 4, 4, 4, 4, 3, 3, 3, 3, 3, 1, 7, 5, 6, 4, 4, 4, 4, 4, 4, 4, 4, 3, 3, 3, 3, 3, 6, 6, 7, 7, 4, 4, 4, 4, 4, 4, 4, 4, 4, 4, 4, 4, 4, 4, 3, 3, 3, 3, 3, 3, 1, 7, 6, 6, 7, 7, 7, 7, 4, 4, 4, 4, 4, 4, 4, 4, 3, 3, 3, 3, 3, 3
5, 3, 3, 3, 4, 4, 3, 5, 3, 3, 6, 4, 4, 4, 3, 1, 4, 4, 4, 4, 4, 3, 3, 3, 3, 3, 5, 4, 4, 4, 4, 4, 3, 3, 3, 3, 3, 1, 7, 5, 6, 4, 4, 4, 4, 4, 4, 4, 4, 3, 3, 3, 3, 3, 6, 6, 7, 7, 4, 4, 4, 4, 4, 4, 4, 4, 4, 4, 4, 4, 4, 4, 3, 3, 3, 3, 3, 3, 1, 7, 7, 6, 7, 7, 7, 7, 4, 4, 4, 4, 4, 4, 4, 4, 3, 3, 3, 3, 3, 3



Random rndseed=1484
5, 3, 3, 3, 4, 4, 3, 5, 3, 3, 6, 4, 4, 4, 3, 1, 4, 4, 4, 4, 3, 3, 3, 3, 3, 5, 4, 4, 4, 4, 4, 3, 3, 3, 3, 3, 1, 7, 5, 6, 4, 4, 4, 4, 4, 4, 4, 4, 3, 3, 3, 3, 3, 6, 6, 7, 7, 4, 4, 4, 4, 4, 4, 4, 4, 4, 4, 4, 4, 4, 4, 3, 3, 3, 3, 3, 3, 1, 7, 6, 6, 7, 7, 7, 7, 4, 4, 4, 4, 4, 4, 4, 4, 3, 3, 3, 3, 3, 3, 3
5, 3, 3, 3, 4, 4, 3, 5, 3, 3, 6, 4, 4, 4, 3, 1, 4, 4, 4, 4, 3, 3, 3, 3, 3, 5, 4, 4, 4, 4, 4, 3, 3, 3, 3, 3, 1, 7, 5, 6, 4, 4, 4, 4, 4, 4, 4, 4, 3, 3, 3, 3, 3, 6, 6, 7, 7, 4, 4, 4, 4, 4, 4, 4, 4, 4, 4, 4, 4, 4, 4, 3, 3, 3, 3, 3, 3, 1, 7, 7, 6, 7, 7, 7, 7, 4, 4, 4, 4, 4, 4, 4, 4, 3, 3, 3, 3, 3, 3, 3




5, 3, 3, 3, 5, 4, 4, 3, 5, 3, 3, 3, 6, 4, 4, 4, 4, 3, 1, 4, 4, 4, 4, 4, 3, 3, 3, 3, 3, 5, 4, 4, 4, 4, 4, 4, 3, 3, 3, 3, 3, 3, 1, 7, 5, 3, 6, 4, 4, 4, 4, 4, 4, 4, 4, 3, 3, 3, 3, 3, 3, 6, 6, 7, 7, 4, 4, 4, 4, 4, 4, 4, 4, 4, 4, 4, 4, 4, 4, 3, 3, 3, 3, 3, 3, 1, 7, 7, 6, 6, 7, 7, 7, 7
-
5, 3, 3, 3, 5, 4, 4, 3, 5, 3, 3, 3, 6, 4, 4, 4, 4, 3, 1, 4, 4, 4, 4, 4, 3, 3, 3, 3, 3, 5, 4, 4, 4, 4, 4, 4, 3, 3, 3, 3, 3, 3, 1, 7, 5, 3, 6, 4, 4, 4, 4, 4, 4, 4, 4, 3, 3, 3, 3, 3, 3, 6, 6, 7, 7, 4, 4, 4, 4, 4, 4, 4, 4, 4, 4, 4, 4, 4, 4, 3, 3, 3, 3, 3, 3, 1, 7, 7, 6, 6, 7, 7, 7, 7

Random rndseed=1435


5, 3, 3, 3, 4, 4, 3, 3, 3, 6, 4, 4, 4, 3, 1, 4, 4, 4, 4, 3, 3, 3, 3, 3, 5, 4, 4, 4, 4, 4, 3, 3, 3, 3, 3, 1, 7, 5, 6, 4, 4, 4, 4, 4, 4, 4, 3, 3, 3, 3, 3, 6, 6, 7, 7, 4, 4, 4, 4, 4, 4, 4, 4, 4, 4, 4, 4, 4, 4, 3, 3, 3, 3, 3, 3, 1, 7, 
6, 6, 7, 7, 7, 7, 4, 4, 4, 4, 4, 4, 4, 4, 3, 3, 3, 3, 3, 3, 3, 3, 1
5, 3, 3, 3, 4, 4, 3, 3, 3, 6, 4, 4, 4, 3, 1, 4, 4, 4, 4, 3, 3, 3, 3, 3, 5, 4, 4, 4, 4, 4, 3, 3, 3, 3, 3, 1, 7, 5, 6, 4, 4, 4, 4, 4, 4, 4, 3, 3, 3, 3, 3, 6, 6, 7, 7, 4, 4, 4, 4, 4, 4, 4, 4, 4, 4, 4, 4, 4, 4, 3, 3, 3, 3, 3, 3, 1, 7, 
7, 6, 7, 7, 7, 7, 4, 4, 4, 4, 4, 4, 4, 4, 3, 3, 3, 3, 3, 3, 3, 3, 1
5, 3, 3, 3, 5, 4, 4, 3, 5, 3, 3, 3, 6, 4, 4, 4, 4, 3, 1, 4, 4, 4, 4, 4, 3, 3, 3, 3, 3, 5, 4, 4, 4, 4, 4, 4, 3, 3, 3, 3, 3, 3, 1, 7, 5, 3, 6, 4, 4, 4, 4, 4, 4, 4, 4, 3, 3, 3, 3, 3, 3, 6, 6, 7, 7, 4, 4, 4, 4, 4, 4, 4, 4, 4, 4, 4, 4, 4, 4, 3, 3, 3, 3, 3, 3, 1, 7, 7, 6, 6, 7, 7, 7, 7






5, 3, 3, 3, 5, 4, 4, 3, 5, 3, 3, 3, 6, 4, 4, 4, 4, 3, 1, 4, 4, 4, 4, 4, 3, 3, 3, 3, 3, 5, 4, 4, 4, 4, 4, 4, 3, 3, 3, 3, 3, 3, 1, 7, 5, 3, 6, 4, 4, 4, 4, 4, 4, 4, 4, 3, 3, 3, 3, 3, 3, 6, 6, 7, 7, 4, 4, 4, 4, 4, 4, 4, 4, 4, 4, 4, 4, 4, 4, 3, 3, 3, 3, 3, 3, 1, 7, 7, 6, 6, 7, 7, 7, 7
5, 3, 3, 3, 5, 4, 4, 3, 5, 3, 3, 3, 6, 4, 4, 4, 4, 3, 1, 4, 4, 4, 4, 4, 3, 3, 3, 3, 3, 5, 4, 4, 4, 4, 4, 4, 3, 3, 3, 3, 3, 3, 1, 7, 5, 3, 6, 4, 4, 4, 4, 4, 4, 4, 4, 3, 3, 3, 3, 3, 3, 6, 6, 7, 7, 4, 4, 4, 4, 4, 4, 4, 4, 4, 4, 4, 4, 4, 4, 3, 3, 3, 3, 3, 3, 1, 7, 7, 6, 6, 7, 7, 7, 7




5, 3, 3, 3, 4, 4, 3, 3, 3, 6, 4, 4, 4, 3, 1, 4, 4, 4, 4, 3, 3, 3, 3, 3, 5, 4, 4, 4, 4, 4, 3, 3, 3, 3, 3, 1, 7, 5, 6, 4, 4, 4, 4, 4, 4, 4, 3, 3, 3, 3, 3, 6, 7, 7, 4, 4, 4, 4, 4, 4, 4, 4, 4, 4, 4, 4, 4, 4, 3, 3, 3, 3, 3, 3, 1, 7, 6, 6, 7, 7, 7, 7, 4, 4, 4, 4, 4, 4, 4, 4, 3, 3, 3, 3, 3, 3, 3, 1, 5
5, 3, 3, 3, 4, 4, 3, 3, 3, 6, 4, 4, 4, 3, 1, 4, 4, 4, 4, 3, 3, 3, 3, 3, 5, 4, 4, 4, 4, 4, 3, 3, 3, 3, 3, 1, 7, 5, 6, 4, 4, 4, 4, 4, 4, 4, 3, 3, 3, 3, 3, 6, 7, 7, 4, 4, 4, 4, 4, 4, 4, 4, 4, 4, 4, 4, 4, 4, 3, 3, 3, 3, 3, 3, 1, 7, 6, 6, 7, 7, 7, 7, 4, 4, 4, 4, 4, 4, 4, 4, 3, 3, 3, 3, 3, 3, 3, 1, 5




